02108
04800
11870
00660
07972
04129
16118
13209
08864
06066
04733
16072
08955
11138
08635
07177
10752
12332
08846
15681
07357
14195
02185
11575
05779
10251
04389
15128
07690
07311
06902
06747
04785
06105
13932
01262
11829
14522
06956
01263
04521
11169
06597
13679
04970
01841
00709
05283
05673
07661
12274
03661
11837
03826
06578
10435
14962
14678
07821
02571
09849
05581
09730
14081
08109
07536
08502
08269
09439
06065
09453
08932
03709
05817
13318
04038
03266
01085
02711
05221
09329
00563
06355
01989
02182
10811
15163
03114
00105
14694
02678
00667
01793
04992
01767
13532
02962
00068
09457
09324
12602
06242
08010
14877
02511
13296
03412
04330
04289
15054
12577
07666
04466
15063
02774
15593
13004
01861
01792
00936
06361
08424
06873
14363
14881
01122
03154
06599
05494
01603
02756
13176
14415
15249
09371
03918
08267
05061
07500
15817
13437
11238
07312
11235
15865
04136
04390
11132
13449
04370
01659
14176
03277
12278
15308
01286
14868
03447
13543
03144
09582
01407
06052
15227
02549
16124
14990
14941
03931
09588
13479
03771
01068
00723
00795
06982
14083
10903
03634
15966
04667
14439
02172
09818
02908
15734
14113
06901
09411
08630
00773
02016
01218
10285
08367
05396
05520
13413
12512
15661
14620
00501
04283
04816
06326
13218
10607
03875
01506
06005
04853
13309
11175
15770
12688
15992
08486
05222
09393
07572
07448
06088
08936
10628
13396
06287
07385
14548
02817
03244
12344
09820
03136
04681
15188
11319
15814
01142
04673
08462
07332
15219
04220
08991
01039
08890
01228
10524
05199
03769
03498
01546
04259
10737
05903
00978
09612
06263
13886
04845
01074
14505
00515
06850
02474
01390
13724
05959
11251
06375
12580
06050
05743
04130
13936
07297
04316
11383
12576
02093
02494
01667
11091
10457
07425
15592
08323
00459
15826
11174
10339
05536
14912
09193
08209
08329
11655
15553
05752
07562
11223
04615
04649
03123
10011
15268
00716
05018
06377
03124
10368
08129
07292
09935
01227
06405
12520
13098
04086
02058
13835
09717
15706
06961
04565
07504
06973
07580
08348
14760
15545
13538
15958
15887
04049
13822
11317
01374
10110
10078
05051
00734
10931
05881
14981
02620
06094
13917
15738
15853
13445
14494
07830
09606
13457
07182
03101
12399
00265
07548
10179
06461
04911
08463
09318
03369
14626
14089
09888
09021
09890
10895
08282
07185
04833
05240
07955
03127
01625
11012
06262
06598
08717
02548
03903
14902
03060
03446
10500
06561
15466
10796
06258
08393
00436
04157
06576
08912
07863
10540
06949
02481
07731
03886
11136
08984
11229
05773
15469
14693
00845
11900
01201
06836
09690
06702
02984
10726
11899
11690
15232
12400
04397
06087
14105
12049
12853
04582
06773
13117
01540
14288
12275
14832
06132
10731
02943
14587
06844
11927
07791
08093
12840
15809
09017
04349
05726
11402
07664
09677
10596
14729
01177
14766
02945
06899
10463
07983
11226
10139
09137
09672
11701
07273
15423
00106
06463
08043
12881
03529
15990
00513
05754
10077
08906
08454
11657
16226
13895
11371
15349
09576
11208
09667
05308
07748
01689
09724
02184
07904
15557
05458
04460
13094
14030
09004
03828
04178
05533
15981
08156
08170
16063
07563
12184
01808
06114
14146
01709
14958
09747
04077
03246
07876
07327
08902
01691
14622
05711
03543
14381
10131
02467
15077
09544
07397
15173
06620
10538
03223
12556
01701
05682
04748
03433
05280
06629
10257
12499
11624
07410
11311
05664
00817
16034
00686
06983
09154
06895
13726
06323
14916
12937
08184
09218
00416
08335
09469
08709
04192
14200
04562
11391
13740
05975
10567
08053
03480
01556
11749
08903
09138
12524
02355
07388
00752
04263
01984
09891
06768
08175
06872
16087
14992
09729
05809
00097
14124
06051
03283
13123
01624
09634
11804
14011
09641
12342
07956
00828
01025
05006
04158
14603
00907
01721
03999
04467
14008
00676
08007
06338
01711
13059
08383
09076
02117
14648
00333
13853
05857
14905
08675
15547
11330
04847
14406
12205
14330
06774
02351
09627
03812
13378
02122
11382
03653
03300
03061
13163
01000
01482
01479
06304
01389
04119
13137
15631
05467
03258
09719
03172
13148
14151
03768
00445
03718
00472
15202
02933
08554
15230
04669
14207
01359
10260
10136
14773
14057
08922
08265
04495
06214
08732
04580
04682
09387
12689
05207
01031
15376
07272
13069
15332
13252
01859
08092
02596
05807
06212
00530
12206
09476
15751
15201
07308
01313
09115
11644
00688
02068
06093
13671
13656
11600
08581
07953
04436
08473
14996
02238
06875
15067
12609
12000
10767
01544
15811
13558
07849
01194
14934
02379
06508
08911
07925
08445
01393
12334
08246
11956
12844
13093
01885
13319
00843
10756
15348
15068
04937
14676
06625
02992
05100
11201
15723
05099
06492
15080
01176
16112
11032
05688
03654
10803
09649
07520
10744
14171
06032
01560
07368
11925
13033
00735
11615
00172
03222
01023
16126
02492
11765
03057
09705
06248
08543
04742
11827
10694
02922
09509
05428
15272
11815
13660
08037
09056
02978
15845
02603
14493
01232
15907
10875
13874
10779
09915
05490
04771
08920
09460
05934
06451
14521
14927
14544
14178
14390
09686
00538
02431
06424
12498
15973
08572
11130
02443
05484
00355
10621
02169
04407
01474
06067
02459
09687
01067
01497
11207
08979
13957
14889
02921
05747
10325
14004
03140
10789
14999
09934
08616
07819
04127
10415
14668
15012
05590
09950
04331
11541
01833
12740
00522
03371
07873
03426
13663
15875
08947
01467
09682
14709
01658
11896
10822
04042
02065
10292
08870
08204
14305
15795
14633
04312
06448
09633
00805
07529
09014
03646
04710
08001
04670
12418
04754
12439
10168
09288
08511
08243
07491
12384
10873
01498
06725
01623
01236
00726
07649
01840
09815
02806
05846
01865
05594
13603
05925
13850
02066
06681
06617
11838
01983
03421
00083
01590
00521
03139
12573
05654
14883
09262
04656
08638
04872
13373
09051
05717
15974
04213
07434
13844
02485
08448
12793
01493
09483
13166
01534
14233
08913
08358
00552
04906
12739
02262
04737
14699
07759
12356
09011
00282
15114
09511
14642
00227
09037
03617
13161
04765
12527
12329
16159
06894
00823
12415
03142
04455
02478
10069
02849
09896
01427
01562
06645
07787
06092
10303
09868
14651
01174
03757
06171
00121
10598
14675
12510
08132
09270
01348
14845
09274
07497
00901
08891
08516
02449
11734
02260
13394
08580
04241
04448
08236
04544
06960
11115
03430
01561
02076
08868
05685
14148
13767
08385
01203
08504
13042
00788
07287
09346
06685
06421
11554
03207
03950
05964
00037
03822
14100
09298
13556
01671
06743
11362
10735
03330
11179
11747
10039
16132
06154
11254
09525
15209
04729
06216
08867
01695
02938
09631
10102
14160
00712
07415
14673
14734
03889
11303
13745
08774
00009
00949
02073
09713
10619
15233
06920
07241
03736
02882
04148
05216
15895
03141
09599
08972
04419
11534
10050
01514
12325
06621
02789
05740
09343
11967
07928
02090
02528
05038
04657
04146
04880
00641
15417
12742
04401
02899
08517
15657
04851
14232
14300
14225
16085
10753
15753
04873
10599
07832
08128
09399
00684
01700
10247
06915
02346
14728
14106
06130
15364
08157
06791
15752
11901
09241
14825
11660
15130
14128
00749
10821
08428
13205
09307
13814
08225
09452
00592
00219
04717
06268
14745
03906
01740
11218
05609
09668
05403
01794
05491
08894
03126
09614
06720
08705
04975
06247
10190
04641
14023
08019
03211
00990
08939
13628
09440
13155
04750
09395
03905
14691
09009
14161
12669
06914
13338
07945
00802
09485
13662
02070
04589
04822
10072
10833
09953
08316
08441
14658
00177
09806
08643
14145
12701
02565
08117
01364
15996
03455
04083
01962
13552
08723
11705
08357
00928
12149
00771
05016
08055
15472
07561
08950
14765
03832
07942
05645
08534
13732
08628
15415
15157
08549
04140
02086
14987
09884
09258
00384
12151
02865
07751
04496
08928
05011
02450
16220
04611
02900
06325
05230
08370
01425
09659
14272
02586
12523
13859
05253
08371
05339
10182
14667
15403
13692
04520
12944
06312
15630
05064
15746
02483
14677
15414
09948
14896
12420
00306
02186
05649
14270
10545
05926
11831
15231
00275
15768
00611
11922
06049
14041
07169
11627
00899
12541
13820
08379
10174
07237
02951
15787
07488
05161
12058
01674
06763
05305
02802
13994
06090
03427
00809
08540
12145
07642
12528
13674
13847
03672
13397
08384
13681
14122
01032
10718
05911
04381
05956
08177
10968
11693
11559
13742
10280
16117
03116
14260
08149
00863
04868
03522
10666
02209
11743
10659
05126
15190
00119
01204
08814
14403
11965
01312
07600
09638
10782
07658
11685
03073
08627
07818
05085
03199
01195
15436
01417
09712
01395
05098
15064
16097
10522
09869
11243
14271
14026
01703
06884
05260
01047
08239
13368
08327
04093
15056
04075
04829
04276
14191
11794
07341
07643
06080
16042
11123
03804
03395
05767
12060
14154
04515
08892
11639
08416
11085
00941
10025
03980
10153
03069
12097
08224
05728
13596
06339
06918
16129
09930
14291
15523
04426
09304
03410
05496
04720
10721
04345
06549
11662
06106
09506
02881
08897
02072
02885
02369
03458
06101
01035
09149
06186
13836
08447
07389
04392
15244
11988
03746
06711
11682
05405
13927
12204
14907
04246
00740
06073
07752
13217
06660
04838
15797
08161
10464
07348
15329
14355
01336
13611
07383
03651
01051
01296
08776
07783
11304
08958
09300
15477
01559
04977
14531
01541
09655
01629
03346
01969
01060
16065
06495
13478
09900
12714
04147
08764
09669
08191
14380
02842
00729
09543
10856
09526
06929
00060
13601
05749
12225
02848
02684
14596
13815
05898
07680
06896
03835
03540
03081
10193
08266
09683
01724
13839
07432
10967
06078
03090
01069
06446
07472
10940
06904
11142
04913
15627
09927
09129
07750
05794
05044
01528
07654
16115
12746
02040
15685
05753
04541
02942
02255
02326
13063
06481
14335
02447
05894
16113
01589
04581
13470
00738
07758
04291
03966
02997
14114
14720
07774
05928
07982
05974
04583
09459
11577
03091
06954
00502
09290
12470
10299
13997
04814
09817
04250
05093
09577
10740
02730
05999
02454
02356
09074
15174
14679
08983
06674
01628
07567
04540
04792
02064
15270
01640
15520
15183
00108
12767
06079
04164
07483
01665
07349
08954
06205
04434
10452
11195
05192
10816
07259
00279
06547
06693
05267
12257
16108
10315
14341
11991
01867
15131
05832
15836
10437
04863
01848
08552
14710
12086
05845
05668
14181
05312
03417
09861
14908
02128
00697
03049
03138
09808
06138
04498
15972
14901
11656
11194
01162
15704
03416
00464
13735
12105
03368
15396
03542
13665
09586
10301
14117
07527
06724
09020
15931
08453
00578
12907
11742
01530
06717
07599
09461
06501
08685
04555
11172
15226
12146
02053
14564
07974
16125
01881
14281
15184
14629
10203
11557
06634
04481
11515
08394
07564
05088
11547
14053
08443
11853
08253
13669
01373
14608
04596
05499
05952
01832
05197
14435
08399
09648
05770
06753
09836
05984
08707
07339
14014
03111
05744
11101
00801
14857
07481
05715
09381
13150
06329
15333
02496
02242
14895
04069
13367
11088
01287
09207
13606
15377
05720
13705
05277
06879
14180
14024
13920
10654
02911
02008
10677
13342
00122
03414
10819
07313
04382
06442
12354
15441
14666
02535
04543
13257
09312
06921
02332
03655
13435
14741
00610
07796
10324
10362
00049
10655
06081
02229
14918
00508
07294
11680
01868
08781
02063
10722
00007
16005
07834
03967
15948
14152
05023
02705
06734
16003
03102
02003
13592
00304
02490
01055
05607
03630
11573
14156
14033
14223
11581
15462
07289
06571
08971
15908
04531
03799
15142
15336
01220
08278
15577
05320
09715
04059
00937
00080
12665
07382
10719
02605
10772
11031
00806
08200
03897
12915
08794
16066
00298
01735
09296
08553
05063
08773
08702
11202
03425
12715
10804
06292
03958
13736
14019
14839
16023
04258
00077
13476
12792
07359
14995
07556
08130
00210
00616
05839
13562
09325
13270
15338
00564
15284
01480
11307
13688
10169
01478
02518
13200
14791
05329
14144
05996
07882
05034
12656
15771
01693
08578
14480
09718
09232
01363
14631
06041
05069
07353
00536
09551
16197
04184
13680
06140
15527
04067
00174
11903
10880
07954
15351
03202
14882
09454
04007
08770
01957
14926
04803
09819
10617
04011
10137
15653
13970
01415
12108
02890
14836
07559
05612
11432
03108
10223
14444
12488
15985
09608
04739
05722
06913
12504
10068
08220
09720
11234
07996
12851
09899
03174
01460
01411
03764
02476
07555
09508
01716
09959
01604
09874
00816
04968
08510
09060
08904
15902
13175
03382
09613
03486
04232
13723
15747
08333
05321
10991
06099
02952
02253
04718
01523
11564
15100
01098
13488
10371
14119
14084
01054
12336
08440
15947
14254
15766
04909
12659
12262
05338
01921
07431
04902
00319
11791
13778
14194
14690
04569
09503
09427
04705
03112
02181
10560
04824
02322
12771
05776
03629
11846
03963
04660
12502
04684
08139
01731
06340
14451
15185
16110
05453
13263
06447
11823
13036
15988
03591
02530
00919
15229
04268
02026
01307
10200
15005
10012
16153
03267
11214
13472
13803
10238
12438
08360
14732
10121
13564
14756
09618
09889
14787
03521
00715
09646
15251
13127
08901
12564
15430
07399
00940
06486
04084
08524
10372
11558
06876
13872
16049
02843
01221
12031
13993
02018
08464
04413
14096
06559
08982
08915
13861
06767
03221
16134
07379
03712
03867
03407
13226
01602
13177
11670
06291
01575
14379
14819
14867
07808
05875
08326
11745
06622
14700
08401
16217
16135
08202
13609
00879
09885
01683
07672
04933
03904
12020
00579
13938
01143
07354
14424
00056
03107
09392
10602
15052
09489
09862
12948
08381
05696
05841
05208
10170
08338
05603
12836
06959
08174
10945
01087
02777
14853
14878
03598
05850
09172
09107
15316
14189
01601
09303
12491
14588
14886
06735
16168
06266
02712
03269
09249
08064
05005
13169
15842
06422
13392
05263
04421
04036
13519
12328
13246
14236
07753
00689
10341
04380
08075
15517
08488
05842
04796
00370
02404
02743
08015
07358
14020
07976
01511
04037
09345
16181
03453
09901
07985
15274
09674
01416
00888
00541
09892
08029
04560
03217
06775
05541
05502
12440
04398
12459
11387
12863
15687
02991
13931
13690
01078
00992
05971
13939
03384
04199
04995
05083
13171
03854
15238
15778
06529
00826
15588
13795
10866
14423
09920
09222
00010
14769
13914
15860
08881
11628
12468
15191
09203
13566
15235
05091
04534
12956
01335
08547
02286
09856
02993
01502
13386
10156
09925
08261
14758
14120
08772
01862
01574
10660
10189
02120
15660
04111
15524
11310
03383
12913
00696
09565
05871
09035
08164
03388
06647
01499
11225
16010
10406
02982
14244
02844
13780
00141
02191
10135
01664
14510
12755
01259
14104
01366
06723
04706
00768
01065
13996
10176
05168
12705
01704
06048
14080
12545
08719
09061
14018
10898
02575
13230
09554
01170
13399
01827
13082
11672
00527
02687
01851
01685
05843
08404
09917
10127
10045
06907
15622
01583
04983
11369
14052
04981
06330
04743
02176
02846
16057
15236
08786
11691
05549
04990
03717
05796
07550
10150
12964
15346
03227
13221
07540
15935
13746
08048
05565
09050
09657
04835
08135
01770
11239
14797
14806
07325
04076
00685
01350
11710
12787
02723
12353
08193
05123
10122
04509
16027
05042
13769
06493
13440
02440
14858
06615
03215
15698
13831
09231
07281
12678
16201
08442
00889
08163
14550
13267
01048
15310
06024
06840
03200
06027
09949
05812
06342
11803
02466
07628
14785
05912
13374
03176
15402
13567
06948
03550
11792
11995
05223
05281
13366
15061
15062
11309
12379
05610
11813
01543
03705
12901
04916
01529
13251
04989
09178
09675
15214
04722
11912
09472
10807
03229
09456
13759
11377
01579
02433
10631
08118
13520
09171
06341
11036
12202
13798
15187
08621
13856
05788
10734
15634
06932
01477
08353
08854
01652
15058
07683
02329
11797
03072
00636
11920
12565
02385
04849
03376
02692
13647
13495
14899
10827
04451
14182
07650
04422
10730
06389
01609
01377
14973
04194
10732
10263
09413
07590
12326
01593
08669
04478
10155
10124
04820
07509
14840
07188
14172
16079
15386
06545
04074
06669
05757
14885
12846
15868
16150
01621
05195
14719
14621
02145
03839
04070
05218
11211
06639
14322
00762
13109
07168
08684
01646
10946
06357
07347
11597
06712
00025
13670
10763
03690
08871
11619
14410
11422
06730
13779
03208
10905
15638
09237
12501
08151
03557
09170
00659
05706
15151
15711
05078
12381
15444
07514
08065
01647
09250
10954
04695
10944
15373
11042
10364
07845
11086
13885
06294
08914
11117
04216
13693
10478
06034
02424
03284
06302
04010
09490
04155
03514
11996
14892
00439
13776
01230
05725
08574
07903
08737
11228
13605
06391
06675
10805
00127
13604
06500
11109
13905
04117
08336
06833
14833
11973
01132
05050
03831
12471
14115
06238
07992
12655
10564
09402
04369
02857
03779
06046
08730
09065
00935
04423
10099
14772
06748
00135
08995
04040
15641
11835
05879
13223
13687
05698
08475
02418
15007
07963
10729
07406
10434
09295
15740
02929
03195
06726
15363
11847
01688
06602
05703
15407
02428
05399
14606
06187
03563
05319
08414
02103
08120
02769
09063
06806
04952
10329
14607
06134
01713
11789
13523
06942
13760
13638
15010
14559
15767
08277
07926
01907
09681
08819
10468
04009
10142
08822
05890
08455
12480
12800
16116
03479
03707
10720
08121
13916
07913
04866
08994
02738
02420
09828
13666
10985
13846
08531
04955
02348
13055
10367
02039
08350
04151
13892
13701
13904
08331
07375
10013
14645
06677
06410
15986
02522
14273
02352
12289
09932
00962
12067
10152
15968
08098
05307
10649
01168
02463
10876
14814
07286
09621
06096
12671
06127
11094
14939
10580
10113
07930
01472
04828
08989
03297
10755
05105
13860
05077
06504
03152
00590
09006
02493
01392
04468
11590
09912
11709
00446
03120
15636
11798
05844
01946
07896
13138
11388
08840
03548
15863
10270
06812
06853
04623
05797
06799
13335
13174
07510
03981
14015
10738
07364
15514
06070
09924
03219
02980
01864
01510
10140
13810
08127
06772
15057
09134
16178
09327
05791
12663
15479
15137
11875
03614
15159
15912
08652
12733
02048
05017
01333
11667
12417
05007
04523
02531
12006
13075
12799
02023
14776
08217
13622
02783
01033
04101
01293
15978
05592
02884
14412
00834
12861
05015
09561
16218
13473
04464
15815
01828
10948
04678
11348
00067
01462
06787
12958
05391
08280
10544
00607
09575
08272
04131
07315
09116
06541
14118
03872
15732
07833
00793
15781
11819
15932
02427
11720
15848
00799
15347
05707
05087
12896
05111
13672
14898
15883
06928
09604
00902
01001
03354
15192
02161
10712
08879
10218
08392
10569
15471
00519
11278
06204
10766
06684
01090
05108
09289
02560
14085
02480
05582
08967
14762
11375
10818
15400
04716
01403
14193
13308
03454
09541
15139
04624
04450
06038
13214
02254
10242
00615
13575
06033
06854
14604
08438
03488
01275
04888
05070
06412
09700
08418
13003
15775
06471
15161
07547
07866
10145
08435
14168
01255
09444
04100
04597
01476
09024
05316
11237
10059
06701
07816
12155
05008
06465
00638
03259
01582
16130
05401
09811
03308
01208
06434
04854
14445
15360
08496
13436
07999
08515
01076
15664
15009
11637
04386
16107
12421
03843
07507
08144
10164
05003
07187
09156
15979
02388
13830
08425
09711
01617
09396
04825
10046
06202
15217
14206
11283
00789
15379
04165
08748
12089
05818
05647
09945
06888
03695
00042
03198
07773
08172
05650
12596
08199
09607
02075
04177
01520
03985
09617
06861
05745
12857
09186
02538
05014
00596
11102
13793
05648
12464
05526
03665
09897
02001
12287
09005
04693
12834
00096
09064
13781
15475
05652
03264
10250
02572
08405
03720
07601
01308
09000
08417
12412
14431
11845
02699
12905
10017
13279
09679
08408
04839
06579
05935
06364
02602
15832
13162
03688
10823
14216
10241
10676
07975
08449
12578
05854
02475
09516
09331
05400
09067
06565
15650
16208
13651
06601
15969
10647
10282
14222
12581
07192
02054
01334
07689
07533
01869
04510
03553
10793
13729
10453
08559
16084
09851
09397
09105
07316
03281
10044
14433
14470
02904
14519
10484
06229
11253
06189
13468
07493
12837
01276
04674
08294
04064
09180
13966
06739
09556
06794
08264
09040
06443
00606
05736
08813
15879
00419
13088
13384
01548
07692
04804
14708
14240
09698
10088
14402
04483
02472
00944
08729
02437
11844
13775
10049
08286
02025
09446
06043
04533
02178
15186
04021
12607
15812
05443
04654
15961
11266
07766
12463
06445
06538
00457
01084
12895
07577
00625
05110
12936
11715
08961
06624
02576
10936
06023
12442
07337
07776
05332
09581
11259
14597
11406
01473
06585
10455
09622
05969
09691
12561
06834
15070
04994
06587
05215
11601
04713
04958
01698
14538
14897
09533
09002
09047
04651
10473
14869
05882
13355
15413
05792
07861
04337
08927
14360
02295
15888
05219
01784
04371
01197
07867
03800
03992
02924
03761
14107
14880
05686
13167
11713
06745
00819
10485
13629
12967
14139
09248
10674
02228
10308
15772
08145
00014
10063
15150
11191
09007
14497
01077
12414
00630
07951
11602
00827
13491
13371
10625
02281
14684
02896
00675
01580
01569
08579
10516
08207
06796
06208
06452
10424
15929
08514
07401
15871
03863
11721
04538
13841
11724
14914
09445
04741
02934
02308
11153
03182
01615
08557
13884
02604
07988
04827
06331
08251
16139
07786
08467
04095
05392
02940
01723
14768
11909
13852
07381
07888
06603
10351
14205
05611
10616
02729
06008
05586
07265
00591
04193
10542
03265
13201
03994
08396
02891
04297
12862
08852
06804
06295
15689
07660
05062
14234
06848
03583
04947
13331
09626
12841
08710
12435
10369
02368
14669
00769
05143
10859
01151
14556
01117
14397
09212
06737
13235
00867
07344
14852
07419
14565
13170
15003
10943
15134
04017
15378
08951
07429
15382
00893
09182
07740
01720
03885
08815
05146
15242
14663
06604
03842
13684
01637
05593
06372
14647
09348
04848
11779
03322
04176
06825
09757
02937
15583
03719
04061
06985
05334
02606
04885
03939
11290
14692
06068
15393
09242
09636
16053
15644
10141
02909
06770
09323
02462
05861
10361
11511
06678
00039
15404
12125
09542
03191
04433
10479
10043
06077
01225
05810
04715
04470
06533
10511
01148
00465
09003
01692
11180
12203
04347
04982
14127
04941
09347
08351
02939
08407
04865
02561
09240
15719
01088
14784
16017
11717
06353
06823
04592
12595
02151
00623
14998
14116
05667
14365
04564
00718
09275
12730
08555
04480
07384
09126
10829
10850
02168
01064
15637
05486
05989
05981
08538
12961
02591
07961
10942
07255
14884
07639
13377
08271
04661
07829
02434
08450
13333
11232
00444
04292
03581
08981
09833
00303
02665
15649
13172
09385
03968
12601
03054
04575
05331
04547
06021
00737
02464
10264
09710
11116
04887
09213
02717
13934
07338
10977
04284
07403
06906
04499
10201
05701
11881
11893
12700
07989
01684
06938
15366
03740
10504
03474
12350
15401
07674
01630
04875
04404
02573
02902
13382
13504
09475
15474
09714
12699
06733
03143
14871
12720
02358
11746
06281
11034
03742
12769
02894
14847
14067
07534
08457
03166
09984
00613
03930
12942
07544
05768
10120
13631
10128
10067
15962
13466
15526
01097
14125
13400
05902
02002
09098
06411
12662
09165
14854
01285
08718
14334
04779
09754
15850
15258
06091
13250
11133
03396
12703
10861
14150
01661
00886
08935
06484
05742
02958
02232
12518
02043
06521
14701
00739
08180
03419
04593
09319
14385
15983
08479
11937
15160
16007
01564
13253
01193
13837
00654
00885
00911
12003
04062
07519
13838
01034
15368
03424
10685
13678
09293
04016
04311
15252
11961
14465
00642
00656
13896
12490
04850
10119
09726
08192
11423
02554
04578
04707
04167
05155
09373
15362
13903
06788
02701
10343
01923
03763
02732
10086
00970
11699
12167
13707
08434
00169
07568
01596
02357
14586
06984
12575
06499
14294
11046
02442
03976
09515
08907
04405
14336
07850
04396
03415
13919
16089
04897
11014
13048
14175
06221
10454
10165
02877
15843
05562
07735
04798
01405
09727
06668
00909
04032
12065
10188
15652
04666
08328
10989
04115
00657
15904
08255
04360
04364
11261
10451
09650
12744
09524
09311
15899
16101
07670
02520
05917
00148
15050
09019
12645
04502
09752
01362
00021
15275
11841
00743
09731
08744
05790
15199
10305
03940
10592
09624
03422
12436
02864
14183
07667
11636
01095
01616
06502
07966
00469
00706
08460
02192
09234
12416
01385
13081
10055
05584
02895
09001
14619
08918
08016
12693
15506
13590
14979
07291
00035
07688
14921
11999
01494
04599
07557
03503
03291
03274
01431
07365
05324
05936
03074
11217
06560
11139
15743
16225
02217
03370
15110
02015
08276
15742
08855
04125
10467
03296
10923
14383
01877
04189
12388
02968
09651
16128
03727
15108
11026
01605
00079
04889
10472
12554
09867
05112
14879
00765
15309
15708
05079
09887
00871
15646
14976
01901
15358
16020
09642
08778
14492
11694
00414
06324
04242
10930
07685
12391
14866
13731
08860
07248
02391
15998
00628
09473
15311
13829
09299
03432
08882
09167
16213
16004
04921
11924
10532
09751
13921
06588
01702
07342
04522
11015
03092
09374
10195
00309
00196
06374
14215
10402
10679
00775
10790
05644
14472
03151
02089
02607
03584
15807
03837
08990
00754
04548
13002
13901
14319
12926
11231
04645
04463
01406
09645
09566
11775
00933
01924
11212
01169
11952
13142
09846
01585
09463
14682
03312
07263
15748
09389
13739
02823
08545
10613
08700
10509
08387
06592
08530
02521
12271
01353
06870
00733
04763
06506
02033
04497
05563
01399
07244
15493
00215
14282
14672
14388
00707
04918
03745
10810
08931
00532
07890
15849
13365
10466
13402
03285
07801
01354
06071
08763
06026
03483
14458
14179
11379
12056
06401
06591
00661
13049
02236
15647
14915
05978
00159
01697
04735
14843
03006
06912
14617
08888
12492
04882
08526
04703
07239
11902
10281
06867
06623
00543
10862
04301
05760
09708
15158
01371
10671
15507
14006
03137
02855
12555
05998
00796
09429
13634
04348
09391
00493
05708
09097
03196
08495
06227
02736
09696
11552
09292
10151
11706
13762
08206
12796
04734
04813
02470
14090
01072
05012
01961
14007
04379
09414
07386
11908
01558
09528
15623
10224
04907
09666
13110
08140
04437
10248
05758
06376
10849
04001
15779
05808
02912
01351
03257
04307
14021
02282
02917
13607
09625
09510
08014
07889
05097
06396
02799
08925
12255
04830
13950
11222
10723
06652
13097
01075
15510
01045
07426
11620
10630
10080
08916
12593
04799
05210
06042
06406
03552
04605
11285
01988
11805
01571
03640
13052
07826
05196
08728
14511
10736
12331
01726
15856
14112
14657
11616
08004
06390
01091
10003
13546
06874
02497
15898
02067
10892
14922
05831
11708
15802
02460
04444
03711
00471
01106
09616
10541
00993
06141
13145
05010
08242
12390
13487
02697
02728
04000
04372
14793
04923
14695
05766
08743
10289
00385
03949
10222
01566
00621
12712
03443
05107
11668
09573
11848
14725
04104
07535
01456
15178
08176
04012
08619
00764
11923
13380
04758
13821
09870
06710
09684
01549
10680
03527
14771
02947
08273
10181
10499
14569
14730
11245
00139
13147
10320
09390
02680
08848
05675
10997
06648
09644
04019
03329
03704
09284
16224
01741
01096
03171
01436
01550
11352
01951
07575
04447
01200
08857
03276
08908
01906
06100
11790
09898
06343
13225
14859
01866
06780
00055
10683
01093
00011
10428
12196
11077
05897
00437
07252
03431
07390
13642
10261
13327
08966
11929
08651
12849
04446
03184
09264
07245
13897
02083
06898
14917
05983
01619
04890
14571
12803
04445
00777
10611
16223
14834
15193
15659
01082
10535
04185
09210
07696
15026
03737
10192
10939
06303
06184
06040
02953
12263
06126
11242
15777
08986
01233
01591
10727
12469
01690
10927
07891
09175
06378
15925
02323
07190
09531
03504
03418
00053
05653
06359
11220
13358
01638
10296
10824
06122
01036
03440
13730
04732
13095
10177
12648
05714
06849
05495
10408
00866
12968
14628
16136
15179
12782
08731
15764
08722
01535
12466
04128
11013
07405
11799
04642
13185
10713
00125
08203
10858
06232
13728
05705
04574
05977
08639
13203
04679
00051
12139
04518
01705
08268
09238
02971
09192
11700
00645
12345
02710
01430
14591
00534
03978
12566
13153
00440
06916
06028
08771
10491
00859
00832
12103
05493
01512
06619
02061
08240
00197
12001
12093
03270
09157
08189
11684
10316
10306
02966
03797
01736
06779
08687
15215
08693
08933
11806
08283
05317
12111
04784
15945
01947
00800
11199
15518
03729
12997
08021
05201
09570
05608
05435
07835
10273
04320
16082
12531
09247
01352
13833
14818
12912
04554
05109
12768
07435
10896
14005
02331
07887
00665
11890
15513
15152
02970
03713
15354
08018
12054
15385
04834
01461
08910
00549
08689
16109
00711
03205
09251
04387
15705
15476
14476
03148
00713
10333
12004
00662
08629
06596
07369
05235
05084
14842
13704
09291
03977
10624
09658
12724
07328
10071
15025
11219
02910
00916
12883
06574
09265
03150
11664
16151
15398
13873
05866
15267
06958
08768
12327
06600
14906
09695
03192
03153
10783
03749
03232
08009
03167
06731
02261
10495
13935
05848
05402
00950
08257
08102
06562
16009
04047
10999
10202
10143
09615
02995
07554
08956
16103
01920
03882
14910
04728
12654
15076
12732
06511
04993
01587
15492
09834
01871
15905
02085
01337
15911
15442
04746
05746
07663
11553
02006
04388
02010
11753
09349
06083
00484
01265
04039
05816
00798
08793
01306
00514
06069
08988
09514
02532
13639
03188
00772
01370
05651
00107
07939
15702
09484
00525
04855
04057
15669
14130
02386
16179
12641
00260
07558
05092
08070
15164
09814
05432
10791
05960
04265
06583
10894
16054
01519
16002
04795
14126
15440
14047
03731
08150
06392
06590
00494
01734
13995
02484
04572
04976
05191
02948
02981
04479
03610
14123
13515
05560
02074
12489
04794
04646
09280
08148
05873
00438
01733
10166
11249
13299
15587
00295
00245
03554
04964
05497
00938
15835
02539
13216
08290
13763
02847
13975
08596
01062
10633
05741
03921
16199
03438
00910
05869
00943
08275
09909
16090
13974
15765
06695
10947
15228
14328
10699
04557
08940
00533
01553
07420
10432
15488
04090
13332
07885
14153
08889
10549
05970
13823
13286
11044
10327
08103
07871
13130
09114
10171
08352
00929
09166
10890
04218
12539
03212
11957
11514
04782
13599
10254
09246
06423
09721
10938
04864
11110
04924
06926
14969
13079
05872
00272
04818
14009
07780
09194
12943
02256
14516
06047
09661
13085
11018
05769
00271
01570
10937
08056
00241
05322
05771
07331
13046
11955
07805
08285
03701
15218
12522
11980
01673
12567
12487
06750
14460
04791
09502
02495
00846
01029
15963
13044
01725
01909
00221
09926
10733
09305
04841
03429
08288
13254
01150
08281
07319
08562
09807
04751
15536
16193
15096
01645
13849
06528
01626
15426
10636
09513
03659
09707
07737
02419
02147
07655
14583
06632
01727
01586
12347
08756
09742
08923
06183
15406
08765
09685
14111
09749
01295
08672
10877
00038
15744
02014
11884
04063
04326
01123
08847
04435
08969
03871
10047
13062
04394
15755
14589
06801
15222
09013
13809
10864
06887
13204
15720
03110
00792
15344
16152
04087
05787
12702
09313
05539
04190
04424
14685
00682
05571
03637
08976
10074
08513
00539
03268
06510
15989
10575
09398
01206
09015
13260
01475
07877
02328
10075
13334
07675
10094
04896
08390
14500
04883
07730
00418
09464
09865
12392
03121
05606
05982
10021
12772
05395
13722
07993
12195
14177
06128
09605
11864
01127
01662
04576
07496
10714
04457
14953
07277
08423
03173
09111
07950
08877
01037
05900
12766
08410
04840
10496
01248
15975
11373
07673
12940
15340
07980
12540
08334
06507
03767
03233
06546
09676
14920
04524
01261
01126
08980
07326
06626
05271
12632
13804
04160
05426
12063
05795
11538
01059
02932
03210
11038
02487
06841
13915
12270
09894
06934
05712
09179
07997
07911
11244
02060
14860
10287
11418
02370
11356
09671
12269
00915
15707
14386
00154
11241
13387
07762
03687
06570
02210
13077
12272
11280
03220
04225
08941
01115
06102
00786
05193
11722
09233
07828
08509
04783
01113
15298
01719
14108
04756
08116
09368
06203
15957
01732
14634
09704
00968
16127
04335
00914
06927
08508
11800
09285
03066
10144
00751
08767
04126
08223
06977
11118
11658
04248
07859
14523
15390
03387
10154
00559
04395
08480
03122
06285
09306
09147
14202
15602
09703
16228
01835
05326
03355
15489
03706
11886
03439
06792
04676
00813
00640
06453
15680
15763
08124
01058
05086
02285
05680
04159
06310
15970
15395
15570
04018
08806
02257
15422
12437
10893
14466
06909
10656
01040
07411
13686
12868
03920
14975
02666
09458
06097
04035
10669
10705
04894
02479
10591
08957
11661
13738
10884
09415
04595
01831
11487
14199
15600
04427
03204
11188
02343
02828
06575
12461
03754
15729
01434
13550
10523
12786
13828
10295
12694
02751
13429
02757
13524
01070
14034
03559
01219
13010
00022
10286
15971
04008
05462
07591
02906
01175
00076
10724
10635
07749
02071
11887
11652
15473
14711
11011
01481
13673
02056
10475
14822
12928
11880
13941
05681
11248
08938
11268
01627
04149
14967
02706
01470
10520
10620
02055
14197
05640
07943
03434
10627
02375
05967
09314
03089
08006
02805
06845
11045
06856
05840
13038
08567
00766
07895
07427
05774
12010
12570
04056
11250
08183
01639
04843
11703
09918
00856
07922
10409
08263
15896
05755
09197
01729
13173
14595
13116
03603
08550
09756
00517
09338
10231
11354
07795
08784
00687
04351
00149
05721
02400
00791
00470
04168
00695
06458
04072
09367
07416
15170
08099
11246
10431
11540
03218
14887
00397
03347
14247
08406
14434
06328
15891
01825
09822
09486
15903
09012
00868
02216
04231
01576
02461
07584
14584
08968
05643
11669
12651
09235
11959
05433
02740
02333
01655
08041
02101
01874
11069
08691
07881
14936
10462
01284
11381
02784
15789
03225
04443
11822
01824
11821
00280
14109
12621
16133
02818
03515
13341
14463
00094
08703
10262
10438
07916
03345
01343
02288
04245
14960
04346
05095
11183
02258
07441
04243
08054
10689
10618
10993
01050
16040
06855
09018
15350
15509
05323
08507
09619
11697
05026
06503
15576
05445
02907
07352
04350
13937
16028
08386
01356
08162
09755
14121
01358
09662
13326
04482
03692
14763
09127
09008
03364
10497
15307
01842
03085
14670
15048
01489
00234
01198
13034
06680
01229
13393
15663
04304
12393
01216
04197
03420
01355
02826
10878
01641
00173
03915
15859
11159
02129
04904
11049
09052
13768
08205
09660
08119
02856
01521
13065
13714
10920
13202
07191
14203
04296
15223
08576
01215
11389
04708
10703
08527
10288
08419
14824
01577
06969
11294
02087
02853
11683
04878
06630
10692
14643
04191
07587
14017
09647
01202
06900
02188
14919
11177
02558
15305
07159
15237
12253
01737
10681
10956
15484
07641
06803
15203
04563
13249
08529
04831
10609
03317
15133
15718
02809
02875
06694
10057
10309
01410
14835
04107
14731
13029
13061
03206
03890
06910
04517
00500
10064
11281
07367
09893
13041
09328
00939
12044
14134
08775
09504
11671
04415
00482
14813
00041
13456
07701
02824
06454
06890
09465
08532
08459
07804
11386
00394
00632
06616
10902
13752
05561
04819
14398
12716
14623
15798
06346
10132
03201
06957
01538
10589
12725
00681
03298
03094
05772
11942
15117
07648
14837
08439
08876
15806
09643
00577
02317
12775
10700
05261
01707
15813
08658
06759
02319
11674
03714
15511
07659
03323
12812
00146
04568
04635
08667
14509
10407
05987
04150
03307
04536
11817
11795
10404
10899
15699
00531
10614
08247
05587
04325
03249
03715
03341
02123
10066
03738
03306
13870
14721
09673
06185
03197
15165
01922
16190
09462
02913
10199
13826
03273
02708
01321
15330
14971
11796
15881
04842
04142
11801
09800
04811
08008
07240
05737
13269
15352
14141
15182
09735
08919
01092
13615
07936
10048
12646
01805
08837
05340
06656
13064
04462
00003
08977
12036
14683
10304
06563
05965
10290
03887
11810
13734
08226
10041
13789
14103
05957
10891
11654
14850
04753
08617
01694
15628
01660
15870
15372
13329
03511
00065
15846
06253
05096
00023
04590
10227
12398
12441
07430
10957
02468
01274
06261
15459
15271
00066
14671
11131
06045
06837
14158
13111
15334
07864
02775
11704
15864
03099
06162
10114
14738
05580
14904
03331
13178
04162
05090
14213
00683
04233
10019
00486
14718
01675
15337
13784
15243
08506
02979
10745
14283
07917
13545
02119
04790
03435
00942
06881
15234
08942
02936
01672
06299
05751
13370
15485
14174
09858
09835
14970
16111
04881
04132
10274
12885
14491
03080
03636
09468
00629
15656
01850
11876
09302
03874
15952
07772
06618
01643
00214
12811
15375
10090
16021
02208
11087
01669
14166
04519
04552
13708
03103
04892
09637
10513
01063
02318
11555
15854
04901
06371
11252
09512
01636
15967
16047
06903
01056
15220
08934
11267
14229
01666
01418
02284
15519
06790
01819
03943
07892
02362
08429
12505
15567
01267
00061
13899
05876
12018
04170
06880
01212
01310
01826
04459
04594
15866
15149
04856
07345
10925
14010
00178
06651
13197
11733
02109
11286
06835
04740
15556
10197
07495
08362
06866
09598
02245
13060
11308
10584
07408
13475
15470
03743
02341
02691
15206
08494
12761
09405
02473
00844
15381
09273
07373
11944
05849
04545
05200
06785
14076
05993
09406
05071
08023
07569
06532
12888
11537
09401
01400
11168
16195
00232
06379
08446
09276
08301
12395
14609
07579
13623
07361
02564
09199
04439
14600
03239
07970
04584
00573
00090
04166
00784
06142
12571
04110
10061
00027
09128
08834
01398
11233
13398
08458
11215
07802
11186
07902
01663
07553
14851
11778
01412
15995
10879
06682
11716
10998
01166
10105
10006
02858
15756
03005
14378
11623
02975
10657
06215
08027
01563
11289
04221
02527
00057
06269
08573
09580
05076
01104
03366
08168
13891
11626
07822
09326
14245
13290
00034
12692
11260
03305
13548
03833
01722
00604
00797
11904
09499
03247
03628
02283
09665
15651
08921
04616
14949
13777
06657
03802
14849
04591
08537
04969
09447
13909
14540
01066
00794
02583
01718
00028
12902
04271
01079
02177
02589
07380
06692
00714
12574
04542
11240
04986
01342
08158
01382
02218
00348
07433
13430
12182
09688
02850
12854
07964
02950
09583
01860
00454
08397
09692
12002
03523
09656
14782
09933
11808
06139
04821
01144
11784
06789
02819
04759
04636
01738
03907
09753
13577
03645
04801
04857
14426
01384
14705
05847
15250
01270
06893
05838
09177
05313
09321
09187
11265
13262
03750
14903
09317
10901
11983
13925
05599
11696
10065
05000
03187
02030
11209
06313
07440
01525
05822
11719
14855
09448
04377
13084
03295
00462
06761
14349
07336
13431
04936
07512
06878
01536
09584
09535
03381
02892
16154
00463
11676
06557
00487
10548
05163
06721
12613
02316
01588
15874
05605
16120
03622
11604
05782
16033
06104
08308
01620
01539
02718
10160
01682
11598
04652
03730
11178
02552
07468
10129
04837
05786
10167
08998
11840
01325
06749
07170
11583
03149
10054
02005
06151
04704
07546
12758
16019
02724
07581
02926
08633
04308
12847
00763
14411
03226
04309
07734
11200
14029
01708
08862
02919
07407
02211
14727
15872
07499
02448
10178
09377
13012
09372
01022
04512
05009
09579
14487
15399
09352
12479
06037
00736
02406
09663
03947
01346
07447
10291
03128
01226
13474
05066
03914
02371
02990
12762
14071
09101
07274
04598
13544
15359
09176
02393
04634
05094
04274
02021
06400
00643
10868
15138
07794
06886
02941
15253
09370
04217
08235
02336
04719
01686
00285
01391
00779
13595
14224
01730
03945
10605
07653
03343
07981
08563
11677
07585
05483
06403
13865
05019
15852
13114
04770
15851
08237
15776
04772
11566
02533
12419
06865
11385
13165
01610
01507
09745
02100
00876
05566
09384
00917
06531
15855
01061
06039
05270
00634
15356
04749
01829
15516
02931
06852
01154
10650
06177
01316
05147
13181
02118
02930
10112
13801
05595
04802
05602
15754
14991
04156
15205
14965
04797
13913
00092
08560
14872
01044
08274
10865
14329
11403
08427
14077
10493
03917
04154
15757
00989
01372
01595
10526
00605
15819
01505
10365
14581
13385
10566
05154
09694
14147
15566
01651
11150
03280
09866
12620
15198
00895
01687
05045
16216
08122
15991
06548
06727
12737
07157
16114
10340
00961
07952
05646
10331
09211
10743
02405
08097
12635
16022
02498
01893
15078
07166
16227
14031
08587
08533
15759
00767
11264
14534
08178
06220
01592
10645
13191
15508
05910
11380
00668
06946
05336
04106
15169
08169
00220
04431
00708
05968
06199
07815
11331
01834
13328
01146
05547
15079
12153
09164
15847
05441
14890
12082
10307
06365
04859
04836
07172
01954
09095
08154
11793
11292
07513
03290
05067
13753
12597
01649
05166
02207
03946
01622
11726
14783
05404
14775
08422
15297
14864
09532
12815
08780
10978
04788
14468
03888
14900
01222
04600
04738
09239
11686
05909
07539
10795
01053
10191
15335
01116
05157
08570
13160
06103
13641
10815
01030
11221
04860
10574
04549
11173
08512
11714
10527
09228
08758
01759
04226
06655
04879
04282
04900
10173
07662
01302
10981
07552
04363
14143
11210
05990
00483
14489
05548
02028
04477
06150
12460
08337
13630
02167
08201
11763
01654
15900
15837
04760
08861
03884
04876
04559
15933
12603
01073
08287
06679
01081
08556
04874
15059
12986
12848
05528
04461
04556
12864
13534
06658
08042
09812
11641
03077
03175
00894
12872
14110
07603
02062
11833
15820
01152
12180
11809
05678
07269
13447
08292
14577
03739
06145
12349
10089
11279
02989
14490
07771
08790
02566
10748
02879
11340
02471
15016
13453
04361
08307
06352
03510
01594
04264
04846
14876
08398
07428
14304
11907
01161
05217
04644
01870
14248
03491
04558
10612
15343
12763
09455
03823
07994
00395
15365
06586
09236
01280
11843
14549
04692
09585
02752
14974
04668
05325
13668
13533
00109
03379
15810
11157
09871
06869
12397
08388
11010
13696
07515
04253
12286
06013
08094
08893
00602
05893
15745
08544
04187
06449
08319
10293
07351
00544
13120
00488
03762
12776
05719
07498
14298
15389
08609
02725
09206
06769
09068
03255
10543
04219
08000
02946
00694
11617
01141
02534
11979
10958
03913
05702
02457
10583
04532
04957
03509
06464
13243
06981
08197
16018
04612
04905
06505
14414
09195
07624
10194
08186
14284
15769
02017
02949
01495
02821
10040
10342
04244
12284
01457
09271
00770
14140
10828
04672
13439
07376
09670
10622
11176
13232
05186
15861
02630
13676
02983
10547
04449
02768
15204
07583
03803
05444
10863
09092
01830
04650
01264
03662
10335
12511
10941
11688
02797
02523
09449
09016
02662
03911
08211
04453
12277
02897
02973
14163
14796
09816
15047
04322
07860
04375
08561
00991
04861
05040
04299
08395
12162
02804
11576
06797
00842
07494
13618
10134
03836
06072
04465
15240
11287
08483
15867
01094
08245
03256
02219
08415
08789
05777
07257
14404
14681
04089
15730
08615
02994
09611
12084
03594
01515
09310
12413
01742
01413
02342
12120
01537
05101
15315
14940
03067
01584
03155
04736
06228
06462
11764
13006
12941
14724
01699
13578
05341
13889
11390
08568
13741
14354
09841
08309
04043
04060
09245
02416
14644
13268
08084
04551
05297
10354
00790
04934
14966
05082
04425
01360
14392
07400
02536
12221
06030
02307
04914
01890
12251
16088
00627
08565
14102
07566
08258
05252
13014
03490
00102
00248
05813
04247
14535
15200
01895
06282
04781
03848
00787
13617
04416
06251
11679
14173
02183
12612
13233
12814
14285
01080
05039
08369
14983
14219
07175
07884
08491
12519
14003
08873
07374
02324
08254
05880
03423
07574
06805
12743
09772
14155
00979
09827
13152
06661
14870
09706
04005
10665
11572
14911
10603
07576
13694
06089
11943
06267
00666
13359
14242
14261
01130
08389
14331
01527
09589
08548
05895
14627
01728
04058
15783
12706
15885
08523
00669
03663
00064
15300
04112
13918
07934
15977
08783
10794
15808
09910
08147
15505
02325
12658
15709
00906
15256
05604
02574
11084
10914
03635
08975
03301
15658
01107
02231
06488
00877
07570
02280
13164
12653
14665
02661
05144
07484
06736
12396
08606
01347
09545
06905
07941
04991
15894
03735
07944
08836
08339
09744
04113
15686
00598
13911
13976
01490
02133
00814
01496
13748
04456
01696
10528
10284
04234
12352
14888
11732
01111
08782
01568
10949
01483
14844
05089
05697
07732
00741
09366
04393
16176
13875
13261
13788
01887
05870
04285
09159
06566
04587
12704
15207
09426
10321
01715
15785
01710
08634
01408
09428
10413
14874
04374
10205
02914
11642
13633
00466
03516
08866
01205
07271
15549
10436
13115
08110
06296
11185
10363
11818
03147
09471
10294
13725
09181
06798
15098
15295
02801
05151
08701
00545
01153
04996
02652
11236
02353
11839
03313
08679
03613
04340
01114
11158
14582
14994
00184
05995
12959
04085
02088
04014
10632
02773
07238
08875
07665
04877
09911
04546
08766
11227
09697
10180
15796
13608
09072
00242
15678
09664
08444
15594
13616
05498
10158
02550
04041
04675
08138
13375
01487
15241
02465
00934
15862
11560
15166
09243
03411
04186
15857
11814
08022
11811
10332
12965
01985
08546
05833
05929
05529
09400
09886
01847
08355
13992
09282
04697
10904
07505
06885
06609
03919
01317
10062
12302
08332
05275
09540
00013
06892
15873
07687
04747
07938
11997
15784
15357
01089
13125
04809
02519
04862
12005
01083
14367
10465
08757
14384
01028
14848
10079
02127
03891
01878
06349
00193
01532
08831
02082
12954
08895
07346
13057
01199
15816
12960
05677
03721
01820
10529
07395
03372
01517
11958
05852
09394
03621
05328
13877
07324
07640
15786
05220
02681
04686
03600
04315
04406
02820
12668
13039
08412
15833
11678
03052
08542
13383
04553
10042
04721
04068
02537
01191
03409
02367
01331
09252
15053
06862
09365
04967
03898
00956
03375
06653
08279
12557
01465
09590
01743
00829
01618
03623
09530
14413
07189
10608
02700
04869
10806
03993
08686
04664
03378
01812
06889
07360
06757
08541
10562
02126
12572
01849
11565
04273
16081
08284
06800
09209
08061
01459
08959
02803
08843
04082
06564
01361
12538
03624
15291
14928
04585
01086
00619
00569
13817
10403
10682
09099
13019
01349
04987
02977
09104
03093
08960
03834
05663
11099
00958
01279
08929
13657
12148
10052
10716
00663
09537
15361
14198
12115
09555
03186
11895
14856
09146
09678
02452
08937
04138
05442
00016
08452
00511
01986
07571
02179
03883
08869
04655
03827
01876
14046
00664
07164
07366
00575
15643
03604
13827
13353
02121
05524
04442
05333
11687
14761
08761
10070
13824
05765
12683
14165
02707
08073
05485
08215
02742
03146
07526
10561
00617
05950
04454
08030
07422
09344
03881
00951
05699
14133
11599
03910
10492
05393
01644
02429
07957
06044
03100
11966
14831
12467
03716
01131
15655
11556
15051
16064
08805
06420
04761
01843
14228
06381
08792
02935
09725
08400
01311
04648
08884
06137
09728
01292
11563
08654
07334
04516
15780
10537
16046
08083
08376
11075
10474
06460
10322
15960
07333
00137
02047
14686
15264
12908
15480
14012
04020
07837
12929
01149
15541
03299
09029
09272
09136
00123
13337
12355
14016
03512
02972
02595
01650
01781
05282
12745
02401
09160
00032
06425
11978
10717
13403
07906
04410
01160
02165
03209
07394
04432
04327
03664
01057
04298
13871
09467
11048
08962
12636
05080
10076
13637
15741
11353
09322
14774
13632
04029
16219
12050
09053
06509
05153
15994
09466
06146
09191
08712
04745
06683
04566
00824
08752
00900
03944
06022
12291
00360
03562
11197
15521
01118
12107
02731
03747
00474
06594
12462
06084
15993
15982
02171
07984
14664
01717
10924
10530
00614
04789
14192
14923
04013
03428
08747
15273
13942
07785
03805
03876
01555
07669
14598
13902
04953
13882
08146
11919
07253
02562
09474
14214
05209
04141
00026
03965
10558
06201
06708
01531
00250
13727
11711
10157
10710
12095
15955
00005
08924
10820
07775
15682
13737
04586
07158
07423
15662
04006
04015
02878
14032
00595
09860
14891
00803
01533
01681
14095
00008
09750
03801
02886
06356
01857
02998
08953
08368
09375
01179
11070
00520
02259
00124
03160
02648
02265
04698
05065
09315
10300
05600
04852
11591
12582
13339
12698
14616
05440
04169
15353
04118
01217
03693
08485
10536
13842
04163
00002
16138
10216
08518
02263
01277
15355
04817
00720
04944
01889
13096
09106
06402
14838
07183
01454
12023
05406
12932
07305
15691
01332
01071
05568
05759
04567
08325
03304
13697
00452
14430
06897
16056
04573
08949
15965
08551
15522
00315
06252
09716
04034
13336
10965
06322
13428
15405
01455
11355
14841
09337
08577
15869
00721
01223
14925
05761
15189
01547
00128
03271
12634
09689
01231
04815
03374
09244
09571
16232
02034
01383
11702
12113
04092
14135
03413
06577
06864
00825
10175
11807
06053
03216
08198
14817
04094
14028
16230
05793
15008
09316
12647
07586
04709
09263
13565
05114
13802
08188
05631
14873
00747
13469
04844
12770
03658
08661
04570
03156
06271
01257
14982
05972
06360
02491
14462
03084
08905
08733
15529
02359
11247
15504
04935
08025
04571
10825
15571
02215
06595
01224
01294
13857
14094
13471
06280
04871
02845
13300
02753
06635
06607
04776
12780
13527
08493
08364
15760
03691
15906
13610
04620
07937
00046
14875
10073
06638
10133
15429
13834
09309
15464
07176
11141
12465
11140
15416
04535
02422
14327
04951
06637
07949
16045
14045
01309
08993
08668
05540
06556
10881
02389
04858
08521
03248
02239
02374
10366
10831
03916
02180
15141
05522
10028
09603
06237
05279
10334
09090
15922
04179
15412
04665
02287
08880
07962
02893
00710
13541
14040
08946
14574
14988
06245
14022
04886
02170
02833
15369
12594
15306
07707
10330
09269
10163
10249
01524
09198
08575
13258
15758
03601
03595
01648
09223
07897
04943
07995
05642
08571
11725
08952
14578
00831
00873
02543
12741
04114
12946
15069
06978
02125
15388
08838
08492
08536
11216
13369
06568
14636
09746
07551
05237
01668
05152
09895
01258
09699
02349
10123
13391
04145
00994
10711
07392
14437
02923
12921
07409
13832
13711
11545
05973
02469
04938
06366
00785
04711
01112
02290
12165
14722
09773
05416
10056
13799
04240
09340
04116
09071
08238
13583
03344
10051
01653
13733
08898
06086
07656
11695
15700
04027
02686
08142
05278
11312
04694
06025
04053
13794
05198
07741
11692
15980
02612
10494
03652
10489
02508
10058
03821
05601
16123
00063
15239
12514
01171
06843
00176
07242
05756
01670
00490
01552
02112
00020
15762
15428
06636
14930
08716
14948
13851
02092
02031
10053
13574
10521
09403
12924
14227
05700
06968
00960
10302
15221
04091
10780
10988
09809
16055
08590
14162
03070
05684
08489
02240
04376
10593
04033
02477
10370
15515
01676
00835
03145
15147
08823
07470
09748
10087
10221
07256
08165
11596
08641
13168
10563
00864
14149
08433
05683
11230
11828
01516
03853
06891
08569
07560
10272
03616
09155
14027
04884
05194
07784
04671
02754
06722
12838
01518
11768
03359
14541
13667
07370
12860
04181
02143
07340
13559
01357
15066
14525
06407
07279
12892
08779
14190
08270
06802
09087
08466
05394
11542
02822
05641
14002
11035
00833
00307
11288
01940
09214
06082
01526
05162
05004
04550
09369
04959
09070
05834
05958
03694
08883
03109
10084
13078
00182
09610
03328
14680
12521
15801
